Radial position: 0.64
attack angle: 18.3193
x25: -0.0053959
y25: 0.00061779
Chord/R: 0.18935
