Radial position: 0.52632
attack angle: 22.3828
x25: -0.0061629
y25: 0.0033581
Chord/R: 0.21652
