Radial position: 0.28
attack angle: 37.5328
x25: -0.0078303
y25: 0.0085795
Chord/R: 0.21399
