Radial position: 0.14737
attack angle: 37.1085
x25: -0.0071903
y25: 0.0063218
Chord/R: 0.1569
