Radial position: 0.325
attack angle: 17.9652
x25: -3.1043
y25: 0.79456
Chord/R: 0.19923
