Radial position: 0.38421
attack angle: 29.1796
x25: -0.0072206
y25: 0.0065259
Chord/R: 0.22909
