Radial position: 0.82
attack angle: 8.2417
x25: -3.8064
y25: 0.85251
Chord/R: 0.12424
