Radial position: 0.87586
attack angle: 7.5518
x25: -3.722
y25: 0.95682
Chord/R: 0.11139
