Radial position: 0.43158
attack angle: 26.0828
x25: -0.006956
y25: 0.0053086
Chord/R: 0.22833
