Radial position: 0.84483
attack angle: 7.489
x25: -3.7839
y25: 0.74918
Chord/R: 0.11839
