Radial position: 0.85789
attack angle: 13.6215
x25: -0.0030703
y25: -0.0028554
Chord/R: 0.11759
