Radial position: 0.55
attack angle: 11.5511
x25: -3.4166
y25: 0.89941
Chord/R: 0.18009
