Radial position: 0.96897
attack angle: 7.4955
x25: -1.8803
y25: 1.9679
Chord/R: 0.076679
