Radial position: 1
attack angle: 12.4744
x25: 0.0002587
y25: -0.004442
Chord/R: 0.066799
