Radial position: 0.93793
attack angle: 7.5635
x25: -3.1193
y25: 1.5504
Chord/R: 0.09243
