Radial position: 0.28
attack angle: 19.7352
x25: -3.3684
y25: 0.62136
Chord/R: 0.18979
