Radial position: 0.64
attack angle: 10.2245
x25: -3.6421
y25: 0.90452
Chord/R: 0.16482
