Radial position: 0.46
attack angle: 13.2419
x25: -3.206
y25: 0.70595
Chord/R: 0.19291
