Radial position: 0.46
attack angle: 25.2175
x25: -0.0066312
y25: 0.0048942
Chord/R: 0.22608
