Radial position: 0.81053
attack angle: 14.4185
x25: -0.0037505
y25: -0.0022556
Chord/R: 0.13424
