Radial position: 0.82
attack angle: 14.7623
x25: -0.0036116
y25: -0.0022474
Chord/R: 0.13113
